start=4905.234000
volume=130.000000
fullscreen=yes
