start=878.836000
volume=130.000000
fullscreen=yes
